00000000000000000000000000000000000000000000000000
00000000000000000000000000000000000000000000000000
00000000000000000000000000000000000000000000000000
00000000000000000000000000000000000000000000000000
00000001111100000000000000000000000000111110000000
00000001010100000000000000000000000000101010000000
00000001001100000000000000000000000000100110000000
00000001111100000000001000000000000000111110000000
00000000000000000000010000000000000000000000000000
00000000000000000000010000000000000000000000000000
00000000000000000000100000000000000000000000000000
00000000000000000000100011000000000000000000000000
00000000000000000000011100000000000000000000000000
00000000000000000000000000000000000000000000000000
00000000000000000000000000000000000000000000000000
00000001000000000000000000000000000000001000000000
00000001000000000000000000000000000000010000000000
00000000110000000000000000000000000001100000000000
00000000000111110000000000000011111110000000000000
00000000000000001111111111111100000000000000000000
00000000000000000000000000000000000000000000000000
00000000000000000000000000000000000000000000000000
00000000000000000000000000000000000000000000000000
00000000000000000000000000000000000000000000000000